121
2
2
73
1
63
41
62
107
385
74
32
40
175
184
37
88
51
39
98
12
197
78
369
27
196
61
34
403
7
153
42
272
3
117
318
119
81
75
37
279
110
73
224
219
270
349
74
50
75
75
124
484
1
154
205
18
44
35
306
186
129
46
239
28
80
13
31
33
231
10
170
13
12
87
19
137
105
54
52
180
435
40
113
157
194
12
75
68
167
128
62
89
240
169
41
26
48
56
78
105
115
30
357
53
96
1
66
139
10
82
21
29
9
27
162
260
260
58
161
70
24
65
115
155
252
102
14
8
81
302
41
82
191
1
68
64
512
30
139
225
241
89
71
81
1
99
14
161
16
129
14
133
35
18
134
31
75
3
104
135
215
102
101
93
23
46
226
96
6
386
121
322
119
14
47
106
128
46
162
115
296
69
211
262
61
16
120
114
130
162
54
144
175
137
34
312
60
37
170
107
3
25
31
54
53
148
147
32
16
12
7
29
242
33
26
5
13
128
275
20
109
55
71
2
512
128
125
74
18
199
237
59
79
149
234
19
22
258
261
187
43
126
138
22
138
17
29
17
118
196
71
21
309
118
46
9
1
300
68
1
62
147
8
510
21
12
19
61
82
11
122
15
116
112
230
142
169
63
107
134
56
84
168
30
81
72
23
130
195
42
68
48
20
64
85
86
228
109
131
370
36
4
315
186
282
72
207
255
19
126
64
218
404
113
62
8
88
37
37
121
16
1
75
110
128
73
67
103
81
314
122
49
16
38
28
435
185
89
28
134
83
178
78
281
50
83
369
33
186
19
1
114
10
158
199
32
20
303
420
157
81
12
17
14
81
257
303
33
439
59
375
246
6
153
173
31
45
128
121
16
236
194
72
40
156
151
53
110
80
3
141
512
92
28
99
369
105
29
97
190
45
5
146
81
138
58
176
2
193
21
428
451
44
146
121
103
138
88
463
41
83
187
316
186
5
126
99
255
102
88
129
49
175
78
275
34
169
512
93
22
92
119
345
46
6
16
143
49
209
266
8
104
1
6
89
19
133
246
34
227
64
24
130
336
7
12
56
241
164
19
74
273
15
70
163
33
101
11
44
164
119
23
116
178
310
14
460
182
46
112
122
191
17
96
85
52
234
178
229
72
50
24
136
21
334
112
200
117
10
161
49
136
116
93
150
116
78
120
6
18
36
269
12
171
46
4
2
170
194
32
171
208
141
20
26
188
2
39
172
244
93
371
2
40
10
30
176
26
41
23
18
22
99
107
1
18
54
232
161
156
354
31
494
220
39
399
1
107
11
158
92
61
176
70
117
70
112
45
11
4
7
167
18
36
52
16
20
8
387
28
71
343
145
51
324
333
25
5
97
233
420
13
227
134
190
51
36
17
127
145
512
11
124
156
57
180
92
55
156
233
326
91
65
149
11
88
89
25
29
357
160
115
106
145
3
14
120
23
500
78
9
187
146
90
7
160
163
210
177
284
32
324
286
43
26
65
67
21
88
82
424
512
168
182
7
126
289
74
37
5
143
244
230
281
38
33
40
170
275
70
27
129
61
218
100
3
94
121
96
98
91
191
413
47
159
73
150
176
234
168
24
37
45
147
351
361
12
363
192
55
336
12
53
76
107
53
27
141
377
88
32
88
24
55
285
76
54
150
249
279
81
322
94
117
77
93
40
32
82
74
104
10
22
163
44
102
57
1
209
258
22
95
9
51
173
130
25
96
111
148
21
95
291
53
48
221
38
168
148
95
1
32
144
83
1
8
19
89
178
79
512
53
228
47
50
175
118
156
24
59
158
181
36
247
160
275
119
72
69
154
4
120
13
87
49
135
110
312
87
175
40
41
147
117
4
158
19
1
68
249
17
4
4
73
20
2
2
19
146
50
187
36
2
57
20
11
80
188
148
312
58
4
53
2
76
165
223
118
28
146
198
147
5
17
80
6
61
135
31
32
139
14
39
31
56
37
94
121
79
58
142
100
1
1
211
34
91
194
303
43
223
201
172
90
349
123
2
179
67
241
72
10
43
240
106
123
267
91
66
156
99
85
142
72
87
17
47
5
22
55
229
1
406
44
153
98
200
132
105
351
157
6
251
12
155
75
229
183
406
9
222
74
36
334
512
37
70
35
33
48
172
7
42
16
84
141
113
78
88
155
169
80
186
13
250
118
162
142
206
80
183
36
50
4
5
307
3
21
435
225
9
23
10
1
316
37
81
23
115
53
40
150
83
23
67
1
95
79
17
186
167
34
77
239
15
231
1
135
97
